0	1
0.002	0.955279
0.004	0.936754
0.006	0.92254
0.008	0.910557
0.01	0.9
0.012	0.890455
0.014	0.881678
0.016	0.873509
0.018	0.865836
0.02	0.858579
0.022	0.851676
0.024	0.845081
0.026	0.838755
0.028	0.832668
0.03	0.826795
0.032	0.821115
0.034	0.815609
0.036	0.810263
0.038	0.805064
0.04	0.8
0.042	0.795061
0.044	0.790238
0.046	0.785524
0.048	0.780911
0.05	0.776393
0.052	0.771965
0.054	0.767621
0.056	0.763357
0.058	0.759168
0.06	0.755051
0.062	0.751002
0.064	0.747018
0.066	0.743095
0.068	0.739232
0.07	0.735425
0.072	0.731672
0.074	0.727971
0.076	0.724319
0.078	0.720715
0.08	0.717157
0.082	0.713644
0.084	0.710172
0.086	0.706742
0.088	0.703352
0.09	0.7
0.092	0.696685
0.094	0.693406
0.096	0.690161
0.098	0.68695
0.1	0.683772
0.102	0.680626
0.104	0.67751
0.106	0.674424
0.108	0.671366
0.11	0.668338
0.112	0.665336
0.114	0.662361
0.116	0.659412
0.118	0.656489
0.12	0.65359
0.122	0.650715
0.124	0.647864
0.126	0.645035
0.128	0.642229
0.13	0.639445
0.132	0.636682
0.134	0.63394
0.136	0.631218
0.138	0.628516
0.14	0.625834
0.142	0.623171
0.144	0.620527
0.146	0.617901
0.148	0.615292
0.15	0.612702
0.152	0.610128
0.154	0.607572
0.156	0.605032
0.158	0.602508
0.16	0.6
0.162	0.597508
0.164	0.595031
0.166	0.592569
0.168	0.590122
0.17	0.587689
0.172	0.585271
0.174	0.582867
0.176	0.580476
0.178	0.5781
0.18	0.575736
0.182	0.573385
0.184	0.571048
0.186	0.568723
0.188	0.56641
0.19	0.56411
0.192	0.561822
0.194	0.559546
0.196	0.557281
0.198	0.555028
0.2	0.552786
0.202	0.550556
0.204	0.548336
0.206	0.546128
0.208	0.54393
0.21	0.541742
0.212	0.539565
0.214	0.537399
0.216	0.535242
0.218	0.533095
0.22	0.530958
0.222	0.528831
0.224	0.526714
0.226	0.524605
0.228	0.522507
0.23	0.520417
0.232	0.518336
0.234	0.516265
0.236	0.514202
0.238	0.512148
0.24	0.510102
0.242	0.508065
0.244	0.506036
0.246	0.504016
0.248	0.502004
0.25	0.5
0.252	0.498004
0.254	0.496016
0.256	0.494036
0.258	0.492063
0.26	0.490098
0.262	0.488141
0.264	0.486191
0.266	0.484248
0.268	0.482313
0.27	0.480385
0.272	0.478464
0.274	0.47655
0.276	0.474643
0.278	0.472743
0.28	0.47085
0.282	0.468963
0.284	0.467083
0.286	0.46521
0.288	0.463344
0.29	0.461484
0.292	0.45963
0.294	0.457782
0.296	0.455941
0.298	0.454106
0.3	0.452277
0.302	0.450455
0.304	0.448638
0.306	0.446827
0.308	0.445023
0.31	0.443224
0.312	0.44143
0.314	0.439643
0.316	0.437861
0.318	0.436085
0.32	0.434315
0.322	0.43255
0.324	0.43079
0.326	0.429036
0.328	0.427287
0.33	0.425544
0.332	0.423806
0.334	0.422073
0.336	0.420345
0.338	0.418622
0.34	0.416905
0.342	0.415192
0.344	0.413485
0.346	0.411782
0.348	0.410085
0.35	0.408392
0.352	0.406704
0.354	0.405021
0.356	0.403343
0.358	0.401669
0.36	0.4
0.362	0.398336
0.364	0.396676
0.366	0.395021
0.368	0.39337
0.37	0.391724
0.372	0.390082
0.374	0.388445
0.376	0.386812
0.378	0.385183
0.38	0.383559
0.382	0.381939
0.384	0.380323
0.386	0.378711
0.388	0.377104
0.39	0.3755
0.392	0.373901
0.394	0.372306
0.396	0.370715
0.398	0.369128
0.4	0.367544
0.402	0.365965
0.404	0.36439
0.406	0.362819
0.408	0.361251
0.41	0.359688
0.412	0.358128
0.414	0.356572
0.416	0.355019
0.418	0.353471
0.42	0.351926
0.422	0.350385
0.424	0.348847
0.426	0.347313
0.428	0.345783
0.43	0.344256
0.432	0.342733
0.434	0.341213
0.436	0.339697
0.438	0.338184
0.44	0.336675
0.442	0.335169
0.444	0.333667
0.446	0.332168
0.448	0.330672
0.45	0.32918
0.452	0.327691
0.454	0.326205
0.456	0.324722
0.458	0.323243
0.46	0.321767
0.462	0.320294
0.464	0.318825
0.466	0.317358
0.468	0.315895
0.47	0.314435
0.472	0.312977
0.474	0.311523
0.476	0.310072
0.478	0.308625
0.48	0.30718
0.482	0.305738
0.484	0.304299
0.486	0.302863
0.488	0.30143
0.49	0.3
0.492	0.298573
0.494	0.297149
0.496	0.295727
0.498	0.294309
0.5	0.292893
0.502	0.29148
0.504	0.29007
0.506	0.288663
0.508	0.287259
0.51	0.285857
0.512	0.284458
0.514	0.283062
0.516	0.281669
0.518	0.280278
0.52	0.27889
0.522	0.277504
0.524	0.276122
0.526	0.274741
0.528	0.273364
0.53	0.271989
0.532	0.270617
0.534	0.269247
0.536	0.26788
0.538	0.266515
0.54	0.265153
0.542	0.263794
0.544	0.262436
0.546	0.261082
0.548	0.25973
0.55	0.25838
0.552	0.257033
0.554	0.255688
0.556	0.254346
0.558	0.253006
0.56	0.251669
0.562	0.250333
0.564	0.249001
0.566	0.24767
0.568	0.246342
0.57	0.245017
0.572	0.243693
0.574	0.242372
0.576	0.241053
0.578	0.239737
0.58	0.238423
0.582	0.237111
0.584	0.235801
0.586	0.234494
0.588	0.233188
0.59	0.231885
0.592	0.230585
0.594	0.229286
0.596	0.22799
0.598	0.226695
0.6	0.225403
0.602	0.224113
0.604	0.222826
0.606	0.22154
0.608	0.220256
0.61	0.218975
0.612	0.217696
0.614	0.216418
0.616	0.215143
0.618	0.21387
0.62	0.212599
0.622	0.21133
0.624	0.210063
0.626	0.208798
0.628	0.207535
0.63	0.206275
0.632	0.205016
0.634	0.203759
0.636	0.202504
0.638	0.201251
0.64	0.2
0.642	0.198751
0.644	0.197504
0.646	0.196259
0.648	0.195016
0.65	0.193774
0.652	0.192535
0.654	0.191297
0.656	0.190062
0.658	0.188828
0.66	0.187596
0.662	0.186366
0.664	0.185138
0.666	0.183912
0.668	0.182687
0.67	0.181465
0.672	0.180244
0.674	0.179025
0.676	0.177808
0.678	0.176592
0.68	0.175379
0.682	0.174167
0.684	0.172957
0.686	0.171749
0.688	0.170542
0.69	0.169338
0.692	0.168135
0.694	0.166933
0.696	0.165734
0.698	0.164536
0.7	0.16334
0.702	0.162146
0.704	0.160953
0.706	0.159762
0.708	0.158573
0.71	0.157385
0.712	0.156199
0.714	0.155015
0.716	0.153832
0.718	0.152651
0.72	0.151472
0.722	0.150294
0.724	0.149118
0.726	0.147944
0.728	0.146771
0.73	0.1456
0.732	0.14443
0.734	0.143262
0.736	0.142096
0.738	0.140931
0.74	0.139767
0.742	0.138606
0.744	0.137446
0.746	0.136287
0.748	0.13513
0.75	0.133975
0.752	0.132821
0.754	0.131668
0.756	0.130517
0.758	0.129368
0.76	0.12822
0.762	0.127074
0.764	0.125929
0.766	0.124786
0.768	0.123644
0.77	0.122504
0.772	0.121365
0.774	0.120227
0.776	0.119091
0.778	0.117957
0.78	0.116824
0.782	0.115692
0.784	0.114562
0.786	0.113434
0.788	0.112306
0.79	0.111181
0.792	0.110056
0.794	0.108933
0.796	0.107812
0.798	0.106692
0.8	0.105573
0.802	0.104455
0.804	0.10334
0.806	0.102225
0.808	0.101112
0.81	0.1
0.812	0.0988896
0.814	0.0977805
0.816	0.0966728
0.818	0.0955665
0.82	0.0944615
0.822	0.0933578
0.824	0.0922555
0.826	0.0911546
0.828	0.0900549
0.83	0.0889566
0.832	0.0878597
0.834	0.086764
0.836	0.0856696
0.838	0.0845766
0.84	0.0834849
0.842	0.0823944
0.844	0.0813053
0.846	0.0802174
0.848	0.0791308
0.85	0.0780456
0.852	0.0769615
0.854	0.0758788
0.856	0.0747973
0.858	0.0737171
0.86	0.0726382
0.862	0.0715604
0.864	0.070484
0.866	0.0694088
0.868	0.0683348
0.87	0.0672621
0.872	0.0661906
0.874	0.0651203
0.876	0.0640513
0.878	0.0629835
0.88	0.0619168
0.882	0.0608514
0.884	0.0597873
0.886	0.0587243
0.888	0.0576625
0.89	0.0566019
0.892	0.0555425
0.894	0.0544843
0.896	0.0534272
0.898	0.0523714
0.9	0.0513167
0.902	0.0502632
0.904	0.0492109
0.906	0.0481597
0.908	0.0471097
0.91	0.0460608
0.912	0.0450131
0.914	0.0439665
0.916	0.0429211
0.918	0.0418768
0.92	0.0408337
0.922	0.0397917
0.924	0.0387508
0.926	0.0377111
0.928	0.0366724
0.93	0.0356349
0.932	0.0345985
0.934	0.0335632
0.936	0.0325291
0.938	0.031496
0.94	0.030464
0.942	0.0294332
0.944	0.0284034
0.946	0.0273747
0.948	0.0263471
0.95	0.0253206
0.952	0.0242951
0.954	0.0232708
0.956	0.0222475
0.958	0.0212253
0.96	0.0202041
0.962	0.019184
0.964	0.018165
0.966	0.017147
0.968	0.0161301
0.97	0.0151142
0.972	0.0140994
0.974	0.0130856
0.976	0.0120729
0.978	0.0110612
0.98	0.0100505
0.982	0.00904087
0.984	0.00803226
0.986	0.00702467
0.988	0.00601811
0.99	0.00501256
0.992	0.00400803
0.994	0.00300451
0.996	0.002002
0.998	0.0010005
